
 ,30 39, 















 ,40 47, 
 ,33 43 43 33 33 53 53 33 33 58 43 43 43 43 43 53 53 43 43 58 58 43 53 43 43 53 53 53 53 53 53 58 58 53, 
39 43, , 









 , ,90 88 88 90 90 102 102 90 90 58 58 90 90 66 66 90 90 12 12 90 90 78 78 90 88 88 88 88 88 102 102 88 88 58 58 88 88 66 66 88 88 12 12 88 88 78 78 88 102 88 88 102 102 102 102 102 102 58 58 102 102 66 66 102 102 12 12 102 102 78 78 102 58 88 88 58 58 102 102 58 58 58 58 58 58 66 58 12 12 58 58 78 78 58 66 88 88 66 66 102 102 66 58 66 66 66 66 66 66 12 12 66 66 78 78 66 12 88 88 12 12 102 102 12 12 58 58 12 12 66 66 12 12 12 12 12 12 78 78 12
 , ,5 0

 ,64 60 60 71 71 60 60 20 20 60 60 27 27 60 64 64 64 64 64 71 71 64 64 20 20 64 64 27 27 64 71 64 64 71 71 71 71 71 71 20 20 71 71 27 27 71 20 64 64 20 20 71 71 20 20 20 20 20 20 27 27 20,38 80 80 38


80 91 91 80 80 93 93 80 80 94 94 80 91 91 91 91 91 93 91 94 91 93 93 93 93 93 93 94 94 93,6 8 8 6 6 68 68 6 8 8 8 8 8 68 68 8, 



 ,42 48,32 10 10 32
 ,45 61 45 65 45 75 45 79 61 61 61 61 61 65 65 61 61 75 75 61 61 79 79 61 65 61 61 65 65 65 65 65 65 75 75 65 65 79 79 65 75 61 61 75 75 65 65 75 75 75 75 75 75 79 79 75,51 55 55 51 51 72 72 51 55 55 55 55 55 72 72 55

70 79 79 70, ,59 58 58 59

 ,51 60 60 51 51 24 24 51 60 60 60 60 60 24 24 60,40 10 10 40







 ,74 30 30 74 74 64 64 74 30 30 30 30 30 64 64 30, 














 , ,13 15 15 13 52 13 15 15 15 15 52 15





 , ,40 57 57 40 40 23 23 40 57 57 57 57 57 23 23 57














 ,40 12 12 40 40 42 40 64 64 40 12 12 12 12 12 42 42 12 12 64 64 12 42 12 12 42 42 42 42 42 42 64 64 42,73 28 28 73
















 , ,52 94 94 52 52 6 6 52 52 68 68 52 52 74 74 52 52 24 24 52 52 38 38 52 94 94 94 94 94 6 6 94 94 68 68 94 94 74 74 94 94 24 24 94 94 38 38 94 6 94 94 6 6 6 6 6 6 68 68 6 6 74 74 6 6 24 24 6 6 38 38 6 68 94 94 68 68 6 6 68 68 68 68 68 68 74 74 68 68 24 24 68 68 38 38 68 74 94 94 74 74 6 6 74 74 68 68 74 74 74 74 74 74 24 24 74 74 38 38 74 24 94 94 24 24 6 6 24 24 68 68 24 24 74 74 24 24 24 24 24 24 38 38 24
 , ,50 38 38 50 50 0 0 50 50 57 57 50 50 50 50 50 50 17 17 50 50 45 45 50 38 38 38 38 38 0 0 38 38 57 57 38 38 50 50 38 38 17 17 38 38 45 45 38 0 38 38 0 0 0 0 0 0 57 57 0 0 50 50 0 0 17 17 0 0 45 45 0 57 38 38 57 57 0 0 57 57 57 57 57 57 50 50 57 57 17 17 57 57 45 45 57 50 38 38 50 50 0 0 50 50 57 57 50 50 50 50 50 50 17 17 50 50 45 45 50 17 38 38 17 17 0 0 17 17 57 57 17 17 50 50 17 17 17 17 17 17 45 45 17
66 79 79 66,94 105 105 94 94 98 98 94 94 43 43 94 105 105 105 105 105 98 98 105 105 43 43 105 98 105 105 98 98 98 98 98 98 43 43 98, 





 ,19 40 40 19, 













 ,14 25 25 14 14 23 23 14 25 25 25 25 25 23 23 25, 











 ,19 70 70 19,46 15 15 46 46 23 23 46 46 50 50 46 46 28 28 46 15 15 15 15 15 23 23 15 15 50 50 15 15 28 28 15 23 15 15 23 23 23 23 23 50 23 23 28 28 23 50 15 15 50 50 23 50 50 50 50 50 28 28 50











 , ,51 15 15 51 51 19 19 51 51 69 69 51 51 73 73 51 15 15 15 15 15 19 19 15 15 69 69 15 15 73 73 15 19 15 15 19 19 19 19 19 69 19 19 73 73 19 69 15 15 69 69 19 69 69 69 69 69 73 73 69
















 ,14 80 80 14 14 69 69 14 14 4 4 14 80 80 80 80 80 69 69 80 80 4 4 80 69 80 80 69 69 69 69 69 69 4 4 69,104 115 115 104 104 120 120 104 104 127 127 104 104 60 60 104 115 115 115 115 115 120 120 115 115 127 127 115 115 60 60 115 120 115 115 120 120 120 120 120 120 127 127 120 120 60 60 120 127 115 115 127 127 120 120 127 127 127 127 127 127 60 60 127
 , ,45 8 8 45 45 54 54 45 45 63 63 45 45 71 71 45 45 72 72 45 45 74 74 45 45 59 59 45 8 8 8 8 8 54 54 8 8 63 63 8 8 71 71 8 8 72 72 8 8 74 74 8 8 59 59 8 54 8 8 54 54 54 54 54 54 63 63 54 54 71 71 54 54 72 72 54 54 74 74 54 54 59 59 54 63 8 8 63 63 54 54 63 63 63 63 63 63 71 71 63 63 72 72 63 63 74 74 63 59 63 71 8 8 71 71 54 54 71 71 63 63 71 71 71 71 71 71 72 72 71 71 74 74 71 59 71 72 8 8 72 72 54 54 72 72 63 63 72 72 71 71 72 72 72 72 72 72 74 74 72 59 72 74 8 8 74 74 54 54 74 74 63 63 74 74 71 71 74 74 72 72 74 74 74 74 74 59 74







 ,14 4 4 14, 
 ,69 35 35 69, 
 , ,6 19 19 6






 ,64 74 74 64 64 39 39 64 74 74 74 74 74 39 39 74,59 47

















 ,48 12 12 48 48 57 57 48 48 64 64 48 12 12 12 12 12 57 57 12 12 64 64 12 57 12 12 57 57 57 57 57 57 64 64 57, 






 , ,48 6 6 48 48 82 82 48 48 84 84 48 6 6 6 6 6 82 82 6 6 84 84 6 82 6 6 82 82 82 82 82 82 84






 ,37 17 17 37, 






 , ,15 57 57 27 27 57 15 15 15 15 15 27 27 15






 ,38 5 5 38, 

 ,100 96 96 43 43 96 100 100 100 100 100 43 43 100,72 80 80 72 72 85 85 72 80 80 80 80 85 80
 , ,57 51 49 51 57 57 57 57 57 49 49 57
 ,50 45 62 45 50 50 50 50 50 62 62 50, 



 ,34 29, 

 ,36 39, 












 ,19 32 32 19, 
88 54 54 88,69 6 6 71 71 6 76 6 6 81 81 6 69 69 69 69 69 71 71 69 69 76 76 69 69 81 81 69 71 69 69 71 71 71 71 71 71 76 76 71 71 81 81 71 76 69 69 76 76 71 71 76 76 76 76 76 76 81 81 76, 


 ,76 100 100 76 76 40 40 76 76 113 113 76 100 100 100 100 100 40 40 100 113 100 40 100 100 40 40 40 40 40 40 113 113 40, 




 ,38 22 22 38 38 55 55 38 22 22 22 22 22 55, 




 , ,18 7 7 18

 ,34 25, 

 ,45 33 33 45,50 57 57 50

 ,34 29 29 34 34 5 5 34 29 29 29 29 29 5 5 29, 








 ,66 76 76 66 66 78 78 66 66 88 88 66 49 66 76 76 76 76 76 78 78 76 76 88 88 76 76 49 49 76 78 76 76 78 78 78 78 78 88 78 78 49 49 78 88 76 76 88 88 78 88 88 88 88 88 49 49 88, 
 , ,40 52 52 40 40 18 18 40 52 52 52 52 52 18 18 52

 ,60 37, 
 ,19 21 21 19 19 81 81 19 19 27 27 19 19 97 97 19 19 90 90 19 19 42 42 19 21 21 21 21 21 81 81 21 21 27 27 21 21 97 97 21 21 90 90 21 21 42 42 21 81 21 21 81 81 81 81 81 81 27 27 81 81 97 97 81 81 90 90 81 81 42 42 81 27 21 21 27 27 81 81 27 27 27 27 27 27 97 97 27 27 90 90 27 27 42 42 27 97 21 21 97 97 81 81 97 97 27 27 97 97 97 97 97 97 90 97 42 42 97 90 21 21 90 90 81 81 90 90 27 27 90 97 90 90 90 90 90 90 42 42 90, 






 ,32 29, 
 , ,62 49 49 23 23 49 62 62 62 62 62 23 23 62



 ,110 101 101 110 110 69 69 110 110 74 74 110 110 83 83 110 87 110 101 101 101 101 101 69 69 101 101 74 74 101 101 83 83 101 87 101 69 101 101 69 69 69 69 69 69 74 69 83 69 87 87 69 74 101 101 74 69 74 74 74 74 74 74 83 83 74 74 87 87 74 83 101 101 83 69 83 83 74 74 83 83 83 83 83 83 87 87 83, 










 , ,18 16 16 18







 , ,33 38 38 33

 ,24 6 6 24,39 24 24 39







 , ,48 53 53 48 48 68 68 48 48 155 155 48 48 73 73 48 53 53 53 53 53 68 53 155 53 73 53 68 68 68 68 68 68 155 155 68 68 73 73 68 53 155 155 68 68 155 155 155 155 155 155 73 73 155









 , ,37 31 31 11 11 31 31 20 20 31 37 37 37 37 37 11 11 37 37 20 20 37 11 37 37 11 11 11 11 11 11 20 20 11




30 23, , 









 , ,42 127 127 42 42 111 111 42 42 69 69 42 127 127 127 127 127 111 111 127 127 69 69 127 111 127 127 111 111 111 111 111 111 69 69 111

 , ,58 10 58 74 74 58 58 25 58 87 87 58 58 41 41 58 58 44 44 58 10 10 10 10 10 74 74 10 10 25 25 10 10 87 87 10 10 41 41 10 10 44 44 10 74 10 10 74 74 74 74 74 74 25 25 74 74 87 87 74 74 41 41 74 74 44 44 74 25 10 10 25 25 74 74 25 25 25 25 25 25 87 87 25 25 41 41 25 25 44 44 25 87 10 10 87 87 74 74 87 87 25 25 87 87 87 87 87 87 41 41 87 87 44 44 87 41 10 10 41 41 74 74 41 41 25 25 41 41 87 87 41 41 41 41 41 41 44 44 41
 , ,51 60 51 57 57 51 51 30 30 51 51 36 36 51 60 60 60 60 60 57 57 60 60 30 30 60 60 36 36 60 57 60 60 57 57 57 57 57 57 30 30 57 57 36 36 57 30 60 60 30 30 57 57 30 30 30 30 30 30 36 36 30
 , ,55 9

 ,29 25, 

 , ,39 53 53 39 39 25 25 39 53 53 53 53 53 25 25 53





 ,43 97 97 76 76 97 43 43 43 43 43 76 76 43,26 28 28 26 26 1 1 26 28 28 28 28 28 1 1 28



 , ,43 10 10 43 43 18 18 43 43 48 48 43 43 55 55 43 43 57 57 43 35 43 10 10 10 10 10 18 18 10 10 48 48 10 10 55 55 10 10 57 57 10 10 35 35 10 18 10 10 18 18 18 18 18 18 48 48 18 18 55 55 18 57 18 18 35 35 18 48 10 10 48 48 18 18 48 48 48 48 48 48 55 55 48 48 57 57 48 48 35 35 48 55 10 10 55 55 18 18 55 55 48 48 55 55 55 55 55 55 57 57 55 55 35 35 55 57 10 10 57 57 18 57 48 48 57 57 55 55 57 57 57 57 57 57 35 35 57



 , ,15 17

 ,89 27 27 89,3 9 9 3 3 35 35 3 3 46 46 3 3 112 112 3 3 82 82 3 3 103 103 3 3 32 32 3 9 9 9 9 9 35 35 9 9 46 46 9 9 112 112 9 9 82 82 9 9 103 103 9 9 32 32 9 35 9 9 35 35 35 35 35 35 46 46 35 35 112 112 35 35 82 82 35 35 103 103 35 35 32 32 35 46 9 9 46 46 35 35 46 46 46 46 46 46 112 112 46 46 82 82 46 46 103 103 46 46 32 32 46 112 9 9 112 112 35 35 112 112 46 46 112 112 112 112 112 112 82 82 112 112 103 103 112 112 32 32 112 82 9 9 82 82 35 35 82 82 46 46 82 82 112 112 82 82 82 82 82 82 103 103 82 82 32 32 82 103 9 9 103 103 35 35 103 103 46 46 103 103 112 112 103 103 82 82 103 103 103 103 103 103 32 32 103
 , ,10 4 10 32 32 10 4 4 4 4 4 32 32 4
 , ,5 18 18 28 28 18 18 33 33 18 5 5 5 5 5 28 28 5 5 33 33 5 28 5 5 28 28 28 28 28 28 33 33 28






 ,61 6 6 61,25 22 22 25 25 85 85 25 25 95 95 25 22 22 22 22 85 22 22 95 95 22 85 22 85 85 85 85 95 85


 ,50 4 4 50 64 50 50 56 56 50 4 4 4 4 4 64 64 4 4 56 56 4 64 4 4 64 64 64 64 64 64 56 56 64, 
 , ,19 10 10 19 19 104 104 19 19 28 28 19 19 90 90 19 19 60 60 19 10 10 10 10 10 104 104 10 10 28 28 10 10 90 90 10 10 60 60 10 104 10 10 104 104 104 104 104 104 28 28 104 104 90 90 104 104 60 60 104 28 10 10 28 28 104 104 28 28 28 28 28 90 28 28 60 90 10 10 90 90 104 104 90 90 28 90 90 90 90 90 60 60 90

 ,1 72 72 1 1 28 28 1 1 62 62 1 1 69 69 1 72 72 72 72 72 28 28 72 72 62 62 72 69 72 28 72 72 28 28 28 28 28 28 62 62 28 69 28 62 72 72 62 62 28 28 62 62 62 62 62 62 69 69 62, 


















 , ,47 39 39 50 50 39 47 47 47 47 47 50 50 47


 , ,32 16 16 32




 ,79 74 74 79 69 79 74 74 74 74 69 74,53 55 55 53 53 33 33 53 53 82 82 53 55 55 55 55 55 33 33 55 55 82 82 55 33 55 55 33 33 33 33 33 33 82 82 33
 ,72 23 23 72 72 99 99 72 23 23 23 23 23 99 99 23, 
 ,23 48 48 58 58 48 48 42 42 48 23 23 23 23 23 58 58 23 23 42 42 23 58 23 23 58 58 58 58 58 58 42 42 58,45 30 30 45

 , ,76 64 64 7 7 64 64 12 12 64 76 76 76 76 76 7 7 76 76 12 12 76 7 76 76 7 7 7 7 7 7 12 12 7



 , ,71 22 71 24 71 26 71 28 71 30 71 32 22 22 22 22 22 24 24 22 22 26 26 22 22 28 28 22 22 30 30 22 22 32 32 22 24 22 22 24 24 24 24 24 24 26 26 24 24 28 28 24 24 30 30 24 24 32 32 24 26 22 22 26 26 24 24 26 26 26 26 26 26 28 28 26 26 30 30 26 26 32 32 26 28 22 22 28 28 24 24 28 28 26 26 28 28 28 28 28 28 30 30 28 28 32 32 28 30 22 22 30 30 24 24 30 30 26 26 30 30 28 28 30 30 30 30 30 30 32 32 30









 ,44 1 1 44 44 46 46 44 44 58 58 44 1 1 1 1 1 46 46 1 1 58 58 1 46 1 1 46 46 46 46 46 46 58, 




 ,15 22, 


 , ,29 6 29 18 18 29 6 6 6 6 6 18 18 6
 , ,11 25 25 11 11 15 15 11 11 17 17 11 11 50 50 11 25 25 25 25 25 15 15 25 25 17 17 25 25 50 50 25 15 25 25 15 15 15 15 15 15 17 17 15 15 50 50 15 17 25 25 17 17 15 15 17 17 17 17 17 17 50 50 17




 ,54 66 54 44 44 54 66 66 66 66 66 44 44 66,48 36 36 48

 ,46 52 46 65 46 72 72 46 52 52 52 52 52 65 65 52 52 72 72 52 65 52 52 65 65 65 65 65 65 72 72 65,53 15 15 53 53 68 68 53 53 38 38 53 15 15 15 15 15 68 68 15 15 38 38 15 68 15 15 68 68 68 68 68 68 38 38 68









 ,0 73 73 0 0 28 28 0 0 73 73 0 73 73 73 73 73 28 28 73 73 73 73 73 28 73 73 28 28 28 28 28 28 73 73 28,83 84 84 83 83 41 41 83 84 84 84 84 84 41 41 84
 ,47 75 75 47 47 31 31 47 75 75 75 75 75 31 31 75, 


















 , ,30 34 34 30 30 7 7 30 30 43 43 30 30 14 14 30 30 48 48 30 30 21 21 30 34 34 34 34 34 7 7 34 34 43 43 34 34 14 14 34 34 48 48 34 34 21 21 34 7 34 34 7 7 7 7 7 7 43 43 7 7 14 14 7 7 48 48 7 7 21 21 7 43 34 34 43 43 7 7 43 43 43 43 43 43 14 14 43 43 48 48 43 43 21 21 43 14 34 34 14 14 7 7 14 14 43 43 14 14 14 14 14 14 48 48 14 14 21 21 14 48 34 34 48 48 7 7 48 48 43 43 48 48 14 14 48 48 48 48 48 48 21 21 48







 ,48 36 36 48,12 63 63 12 12 29 29 12 63 63 63 63 63 29 29 63













 ,31 5 5 31 31 7 7 31 31 41 41 31 5 5 5 5 5 7 7 5 5 41 41 5 7 5 5 7 7 7 7 7 7 41 41 7,46 56 56 46 46 29 29 46 56 56 56 56 56 29 29 56
 , ,30 36 30 46 46 30 30 50 50 30 36 36 36 36 36 46 46 36 36 50 50 36 46 36 36 46 46 46 46 46 46 50 50 46





 ,31 6 31 11 6 6 6 6 6 11 11 6,45 24 24 45 45 26 26 45 24 24 24 24 24 26 26 24

0 39 39 0, , 

 ,35 54 54 35 35 7 7 35 54 54 54 54 54 7 7 54,15 17 17 15
 ,55 58 58 55 55 88 88 55 58 58 58 58 58 88 88 58,65 17 17 65
 ,54 61 61 54 54 70 70 54 48 54 61 61 61 61 61 70 70 61 61 48 48 61 70 61 61 70 70 70 70 70 70 48 48 70, 
 , ,0 29 29 0 0 33 33 0 0 17 17 0 29 29 29 29 29 33 33 29 29 17 17 29 33 29 29 33 33 33 33 33 33 17
 , ,47 50 50 47 47 52 52 47 71 47 50 50 50 50 50 52 52 50 50 71 71 50 52 50 50 52 52 52 52 52 52 71 71 52
 ,32 10 10 32 32 13 13 32 32 21 21 32 10 10 10 10 10 13 13 10 10 21 21 10 13 10 10 13 13 13 13 13 13 21 21 13, 
 , ,28 34 34 28 28 12 12 28 28 42 42 28 34 34 34 34 34 12 12 34 34 42 42 34 12 34 34 12 12 12 12 12 12 42 42 12



 ,45 8 8 45 45 57 57 45 45 74 74 45 8 8 8 8 8 57 57 8 8 74 74 8 57 8 8 57 57 57 57 57 57 74 74 57,18 68 68 18 18 37 37 18 68 68 68 68 68 37 37 68





 ,33 45 45 33 33 46 46 33 33 49 49 33 45 45 45 45 45 46 45 49 45 46 46 46 46 46 46 49 49 46, 


 ,38 4 38 6 38 48 38 65 65 38 4 4 4 4 4 6 6 4 4 48 48 4 4 65 65 4 6 4 4 6 6 6 6 6 6 48 48 6 6 65 65 6 48 4 4 48 48 6 6 48 48 48 48 48 48 65 65 48,23 74 74 23




 ,51 60 60 51 51 86 86 51 51 94 94 51 60 60 60 60 86 60 60 94 94 60 86 60 86 86 86 86 86 94 94 86,57 75 75 57 57 27 27 57 57 45 45 57 75 75 75 75 75 27 27 75 75 45 45 75 27 75 75 27 27 27 27 27 27 45 45 27
 ,19 84 84 19,70 21 21 70 70 23 23 70 70 37 37 70 70 98 98 70 21 21 21 21 21 23 21 37 37 21 21 98 98 21 21 23 23 23 23 23 23 37 37 23 23 98 98 23 37 21 21 37 37 23 23 37 37 37 37 37 37 98 98 37
 ,3 5 5 3 3 66 66 3 5 5 5 5 5 66 66 5,7 20 20 7 7 75 75 7 7 30 30 7 7 85 85 7 20 20 20 20 75 20 20 30 30 20 20 85 85 20 75 20 75 75 75 75 75 30 30 75 75 85 85 75 30 20 20 30 30 75 75 30 30 30 30 30 85 30
 ,38 40 40 38,49 25 25 49 49 27 27 49 49 37 37 49 25 25 25 25 25 27 27 25 25 37 37 25 27 25 25 27 27 27 27 27 27 37 37 27

 , ,29 21 21 34 34 21 21 10 10 21 29 29 29 29 29 34 34 29 29 10 10 29 34 29 29 34 34 34 34 34 34 10 10 34

52 53 53 52, ,55 14 55 74 55 78 55 43 43 55 14 14 14 14 14 74 74 14 14 78 78 14 14 43 43 14 74 14 14 74 74 74 74 74 74 78 78 74 74 43 43 74 78 14 14 78 78 74 74 78 78 78 78 78 78 43 43 78

 ,21 15, 
 ,50 65 65 50,20 60 60 20 20 28 28 20 60 60 60 60 60 28 28 60
 , ,16 18 18 16 16 50 50 16 16 24 24 16 16 40 40 16 18 18 18 18 18 50 50 18 18 24 24 18 18 40 40 18 50 18 18 50 50 50 50 50 50 24 24 50 50 40 40 50 24 18 18 24 24 50 50 24 24 24 24 24 24 40 40 24






 ,47 48 47 58 47 59 47 61 48 48 48 48 48 58 58 48 48 59 59 48 48 61 61 48 58 48 48 58 58 58 58 58 58 59 59 58 58 61 61 58 59 48 48 59 59 58 58 59 59 59 59 59 59 61 61 59, 






 , ,19 16 16 21 21 16 16 52 52 16 19 19 19 19 19 21 21 19 19 52 52 19 21 19 19 21 21 21 21 21 52 21
 ,37 55 55 59 59 55 37 37 37 37 37 59 59 37, 

 ,83 110 110 83,67 46 46 67

 ,49 31 31 60 60 31 49 49 49 49 60 49,1 21 21 1

 ,31 26 26 31 31 36 36 31 26 26 26 26 26 36, 
 ,59 52 52 69 69 52 52 80 80 52 59 59 59 59 59 69 69 59 59 80 80 59 69 59 59 69 69 69 69 69 69 80 80 69,25 76 76 25 25 38 38 25 76 76 76 76 76 38 38 76




 , ,15 33 33 15 15 64 15 56 39 15 33 33 33 33 33 64 64 33 33 56 56 33 33 39 39 33 64 33 33 64 64 64 64 64 64 56 56 64 64 39 39 64 56 33 33 56 56 64 64 56 56 56 56 56 56 39 39 56
 , ,15 56 15 64 15 33 33 15 15 39 39 15 56 56 56 56 56 64 64 56 56 33 33 56 56 39 39 56 64 56 56 64 64 64 64 64 64 33 33 64 64 39 39 64 33 56 56 33 33 64 64 33 33 33 33 33 33 39 39 33




























 ,23 6 6 23, 

 ,39 11 11 39 39 36 36 39 39 0 0 39 39 28 28 39 11 11 11 11 11 36 36 11 11 0 0 11 11 28 28 11 36 11 11 36 36 36 36 36 36 0 0 36 36 28 28 36 0 11 11 0 0 36 36 0 0 0 0 0 0 28 28 0, 
 ,67 22 22 67 67 84 84 67 67 44 44 67 67 51 51 67 67 33 33 67 67 96 96 67 67 102 102 67 22 22 22 22 22 84 84 22 22 44 44 22 22 51 51 22 22 33 33 22 22 96 96 22 22 102 102 22 84 22 22 84 84 84 84 84 84 44 44 84 84 51 51 84 84 33 33 84 84 96 96 84 84 102 102 84 44 22 22 44 44 84 84 44 44 44 44 44 44 51 51 44 44 33 33 44 44 96 96 44 44 102 102 44 51 22 22 51 51 84 84 51 51 44 44 51 51 51 51 51 51 33 33 51 51 96 96 51 51 102 102 51 33 22 22 33 33 84 84 33 33 44 44 33 33 51 51 33 33 33 33 33 33 96 96 33 33 102 102 33 96 22 22 96 96 84 84 96 96 44 44 96 96 51 51 96 96 33 33 96 96 96 96 96 96 102 102 96, 
 ,51 65 65 51 51 56 56 51 51 13 13 51 51 62 62 51 65 65 65 65 65 56 56 65 65 13 13 65 65 62 62 65 56 65 65 56 56 56 56 56 56 13 56 62 13 65 65 13 56 13 13 13 13 13 13 62 62 13,79 84 84 79



















 , ,21 16 16 21 21 18 18 21 21 37 37 21 16 16 16 16 16 18 18 16 37 16 18 16 16 18 18 18 18 18 37 18






 ,33 41 41 33 33 52 52 33 33 56 41 41 41 41 41 52 52 41 41 56 56 41 52 41 41 52 52 52 52 52 52 56 56 52, 



 ,47 44, 
76 77 77 76 76 80 80 76 76 85 85 76 19 76 77 77 77 77 77 80 80 77 77 85 85 77 19 77 80 77 77 80 80 80 80 80 80 85 85 80 19 80 85 77 77 85 85 80 80 85 85 85 85 85 19 85,49 54 54 49, 

34 43, ,51 55 55 51

 ,28 39, 





 ,35 43 43 35 35 21 21 35 35 32 32 35 43 43 43 43 43 21 21 43 43 32 32 43 21 43 43 21 21 21 21 21 21 32 32 21, 






 ,61 75 75 61 61 81 81 61 75 75 75 75 81 75, 



 ,98 110 110 117 117 110 110 126 126 110 110 140 140 110 110 145 145 110 110 160 160 110 110 164 164 110 98 98 98 98 98 117 98 126 98 140 98 145 145 98 98 160 98 164 164 98 98 117 117 117 117 117 117 126 126 117 117 140 140 117 117 145 145 117 117 160 160 117 117 164 164 117 98 126 126 117 117 126 126 126 126 126 126 140 140 126 126 145 145 126 126 160 160 126 126 164 164 126 98 140 140 117 117 140 140 126 126 140 140 140 140 140 140 145 140 160 160 140 140 164 164 140 145 98 98 145 145 117 117 145 145 126 126 145 140 145 145 145 145 145 145 160 160 145 145 164 164 145 98 160 160 117 117 160 160 126 126 160 160 140 140 160 160 145 145 160 160 160 160 160 160 164, 

 ,25 21, 
 ,53 27 27 53,2 6 2 12 2 46 46 2 6 6 6 6 6 12 12 6 6 46 46 6 12 6 6 12 12 12 12 12 12 46 46 12

 ,42 51,59 18 18 59

45 51 51 45 45 18 18 45 51 51 51 51 51 18 18 51, , 
 ,53 44 44 65 65 44 53 53 53 53 53 65, 

 ,46 30 46 39 39 46 30 30 30 30 39 30, 
 ,52 55 55 52, 
 ,7 43, 












 ,58 79 79 58,74 34 34 74 74 36 36 74 74 91 91 74 34 34 34 34 34 36 36 34 34 91 36 34 34 36 36 36 36 36 36 91 91 36

 , ,51 72 72 51 51 75 75 51 51 64 64 51 72 72 72 72 72 75 75 72 72 64 64 72 75 72 72 75 75 75 75 75 75 64 64 75

26 38, , 


 , ,44 45 45 44 44 55 55 44 44 61 61 44 45 45 45 45 45 55 55 45 45 61 61 45 55 45 45 55 55 55 55 55 55 61 61 55


 ,26 32 32 26 26 13 13 26 32 32 32 32 32 13 13 32,18 20 20 18
 ,48 14 14 48, 
 ,1 67 67 1 1 19 19 1 1 74 74 1 67 67 67 67 67 19 19 67 67 74 74 67 19 67 67 19 19 19 19 19 74 19, 
 ,25 3 3 25 25 40 40 25 25 35 35 25 3 3 3 3 3 40 40 3 3 35 35 3 40 3 3 40 40 40 40 40 40 35 35 40, 




 ,43 8 8 43 43 64 64 43 8 8 8 8 8 64 64 8, 



 ,31 38 38 31 31 50 38 38 38 38 38 50 50 38, 
 ,45 48 48 45 45 9 9 45 45 11 11 45 45 63 63 45 45 74 74 45 45 77 77 45 45 82 82 45 48 48 48 48 48 9 9 48 48 11 11 48 48 63 63 48 48 74 74 48 48 77 77 48 48 82 82 48 9 48 48 9 9 9 9 9 9 11 11 9 9 63 63 9 9 74 74 9 9 77 77 9 9 82 82 9 11 48 48 11 11 9 9 11 11 11 11 11 11 63 63 11 11 74 74 11 11 77 77 11 11 82 82 11 63 48 48 63 63 9 9 63 63 11 11 63 63 63 63 63 63 74 74 63 63 77 77 63 63 82 82 63 74 48 48 74 74 9 9 74 74 11 11 74 74 63 63 74 74 74 74 74 74 77 77 74 74 82 82 74 77 48 48 77 77 9 9 77 77 11 11 77 77 63 63 77 77 74 74 77 77 77 77 77 77 82 82 77, 



82 108 108 82 82 113 113 82 82 119 119 82 82 127 127 82 108 108 108 108 108 113 113 108 108 119 119 108 108 127 127 108 113 108 108 113 113 113 113 113 113 119 119 113 113 127 127 113 119 108 108 119 119 113 113 119 119 119 119 119 119 127 127 119,73 5 5 73, 



 , ,52 43



 ,47 52 52 47 47 19 19 47 47 60 60 47 47 26 26 47 52 52 52 52 52 19 19 52 52 60 60 52 52 26 26 52 19 52 52 19 19 19 19 19 19 60 60 19 19 26 26 19 60 52 52 60 60 19 19 60 60 60 60 60 60 26 26 60, 







 , ,55 18 18 55 55 62 62 55 55 25 25 55 55 67 67 55 55 32 32 55 4 55 18 18 18 18 18 62 62 18 18 25 25 18 18 67 67 18 18 32 32 18 18 4 4 18 62 18 18 62 62 62 62 62 62 25 25 62 62 67 67 62 62 32 32 62 4 62 25 18 18 25 25 62 62 25 25 25 25 25 25 67 67 25 25 32 32 25 25 4 4 25 67 18 18 67 67 62 62 67 67 25 25 67 67 67 67 67 67 32 32 67 4 67 32 18 18 32 32 62 62 32 32 25 25 32 32 67 67 32 32 32 32 32 32 4 4 32




37 28, , 









 , ,91 111 111 91 91 114 114 91 91 117 117 91 91 102 102 91 91 45 45 91 91 47 47 91 88 91 91 126 126 91 111 111 111 111 111 114 114 111 111 117 117 111 111 102 102 111 111 45 45 111 111 47 47 111 88 111 111 126 126 111 114 111 111 114 114 114 114 114 114 117 117 114 114 102 102 114 114 45 45 114 114 47 47 114 88 114 114 126 126 114 117 111 111 117 117 114 114 117 117 117 117 117 117 102 102 117 117 45 45 117 117 47 47 117 88 117 117 126 126 117 102 111 111 102 102 114 114 102 102 117 117 102 102 102 102 102 102 45 45 102 102 47 47 102 88 102 102 126 126 102 45 111 111 45 45 114 114 45 45 117 117 45 45 102 102 45 45 45 45 45 45 47 47 45 88 45 45 126 126 45 47 111 111 47 47 114 114 47 47 117 117 47 47 102 102 47 47 45 45 47 47 47 47 47 88 47 47 126 126 47 88 111 88 114 88 117 88 102 88 45 88 47 88 88 88 88 88 126 126 88
 , ,4 1






 , ,72 30 30 72 72 57 57 72 72 41 41 72 72 67 67 72 30 30 30 30 30 57 57 30 30 41 41 30 30 67 67 30 57 30 30 57 57 57 57 57 57 41 41 57 57 67 67 57 41 30 30 41 41 57 57 41 41 41 41 41 41 67 67 41
16 28 28 16 16 4 4 16 28 28 28 28 28 4 4 28, , 





 ,48 63 63 48 48 78 78 48 48 18 18 48 63 63 63 63 63 78 78 63 63 18 18 63 78 63 63 78 78 78 78 78 78 18 18 78, 

 ,44 11 44 13 44 15 11 11 11 11 11 13 13 11 11 15 15 11 13 11 11 13 13 13 13 13 13 15 15 13, 












 ,40 15 15 40, 


 ,40 8 8 40 40 56 56 40 8 8 8 8 8 56 56 8, 

 ,56 20 20 56, 






 ,81 83 83 81 81 109 109 81 81 114 114 81 81 134 134 81 81 94 94 81 83 83 83 83 83 109 109 83 83 114 114 83 83 134 134 83 83 94 94 83 109 83 83 109 109 109 109 109 109 114 114 109 109 134 134 109 94 109 114 83 83 114 114 109 109 114 114 114 114 114 114 134 134 114 114 94 94 114 134 83 83 134 134 109 109 134 134 114 114 134 134 134 134 134 134 94 94 134,14 49 49 14 14 137 137 14 49 49 49 49 49 137 137 49





 ,30 28 28 38 38 28 30 30 30 30 30 38 38 30, 







37 27 27 37, , 
32 46 46 32, , 



 ,60 83 83 60,72 21 21 72 72 91 91 72 21 21 21 21 21 91 91 21

 ,37 5 5 37, 


 ,42 45 45 42 42 11 11 42 42 50 50 42 42 62 62 42 45 45 45 45 45 11 11 45 45 50 50 45 45 62 62 45 11 45 45 11 11 11 11 11 11 50 50 11 11 62 62 11 50 45 45 50 50 11 11 50 50 50 50 50 50 62 62 50, 










87 52 52 87,9 11 11 9 9 91 91 9 11 11 11 11 11 91 91 11,68 25 25 68 68 78 78 68 68 46 46 68 68 41 41 68 25 25 25 25 25 78 78 25 25 46 46 25 25 41 41 25 78 25 25 78 78 78 78 78 78 46 46 78 78 41 41 78 46 25 25 46 46 78 78 46 46 46 46 46 46 41 41 46
 , ,34 37 37 34 34 13 13 34 34 50 50 34 34 25 25 34 37 37 37 37 37 13 13 37 37 50 50 37 37 25 25 37 13 37 37 13 13 13 13 13 13 50 50 13 13 25 25 13 50 37 37 50 50 13 13 50 50 50 50 50 50 25 25 50















 ,20 6 6 20 20 29 29 20 6 6 6 6 6 29 29 6, 

 ,20 3 3 20 20 31 31 20 20 36 36 20 3 3 3 3 3 31 31 3 3 36 36 3 31 3 3 31 31 31 31 31 31 36 36 31, 

 ,38 20 20 38, 





21 27 27 21, , 








 ,76 98 98 76,93 111 111 93 93 50 50 93 111 111 111 111 111 50 50 111
 , ,21 6 21 33 33 21 6 6 6 6 6 33 33 6





 , ,39 51 51 39 39 17 17 39 51 51 51 51 51 17




 , ,27 9 9 27 27 12 12 27 27 14 14 27 9 9 9 9 9 12 9 14 9 12 12 12 12 12 12 14 14 12





 , ,24 51 51 24 24 48 48 24 24 26 26 24 51 51 51 51 48 51 51 26 26 51 48 51 48 48 48 48 48 26 26 48










 , ,15 68 68 15 15 71 71 15 15 74 74 15 15 80 80 15 15 60 60 15 68 68 68 68 68 71 71 68 68 74 74 68 68 80 80 68 60 68 71 68 68 71 71 71 71 71 71 74 74 71 71 80 80 71 60 71 74 68 68 74 74 71 71 74 74 74 74 74 74 80 80 74 74 60 60 74 80 68 68 80 80 71 71 80 80 74 74 80 80 80 80 80 80 60 60 80



 , ,44 56 56 44 44 61 61 44 44 28 28 44 56 56 56 56 61 56 56 28 28 56 61 56 61 61 61 61 61 28 28 61


 ,59 81 81 59,47 54 47 62 62 47 47 87 87 47 47 85 85 47 54 54 54 54 54 62 62 54 54 87 87 54 54 85 85 54 62 54 54 62 62 62 62 62 62 87 87 62 62 85 85 62 87 54 54 87 87 62 62 87 87 87 87 87 87 85 85 87


 ,54 27 27 54,1 41 41 1 1 45 45 1 1 21 21 1 41 41 41 41 41 45 45 41 41 21 21 41 45 41 41 45 45 45 45 45 45 21 21 45
 , ,1 26 26 1 1 39 39 1 1 42 42 1 26 26 26 26 26 39 39 26 26 42 42 26 39 26 26 39 39 39 39 39 42 39

 , ,5 31 31 5 5 12 12 5 31 31 31 31 31 12 12 31





 ,39 46 46 39 39 9 9 39 39 58 58 39 39 25 25 39 46 46 46 46 46 9 9 46 46 58 58 46 46 25 25 46 9 46 46 9 9 9 9 9 9 58 58 9 9 25 25 9 58 46 46 58 58 9 9 58 58 58 58 58 58 25 25 58,51 20 20 51 51 36 36 51 20 20 20 20 20 36 36 20


 ,58 11 11 58 58 13 13 58 11 11 11 11 11 13 13 11,54 75 75 54 54 17 17 54 54 77 77 54 54 85 85 54 54 46 46 54 75 75 75 75 75 17 17 75 77 75 75 85 85 75 75 46 46 75 17 75 75 17 17 17 17 17 17 77 77 17 17 85 85 17 17 46 46 17 77 75 77 17 17 77 77 77 77 77 77 85 85 77 77 46 46 77 85 75 75 85 85 17 17 85 85 77 77 85 85 85 85 85 85 46 46 85











24 40 40 24,21 4 4 21,30 11 11 30



 ,20 5 5 20, 








 ,30 37 37 30 30 44 44 30 30 51 51 30 30 18 18 30 30 25 25 30 37 37 37 37 37 44 44 37 37 51 51 37 37 18 18 37 37 25 25 37 44 37 37 44 44 44 44 44 44 51 51 44 44 18 18 44 44 25 25 44 51 37 37 51 51 44 44 51 51 51 51 51 51 18 18 51 51 25 25 51 18 37 37 18 18 44 44 18 18 51 51 18 18 18 18 18 18 25 25 18, 






 ,21 23, 
 ,85 90 90 85,0 2 2 0 0 15 15 0 2 2 2 2 2 15 15 2


 ,35 44 44 35 35 63 63 35 44 44 44 44 63 44,8 20 20 8





 ,29 5, 






 , ,11 49 49 11 11 45 49 49 49 49 49 45 45 49


















 ,27 40 40 27 27 16 16 27 40 40 40 40 40 16 16 40, 
 ,25 4 4 25 25 10 10 25 4 4 4 4 10 4, 


40 50 50 40, ,10 3




 ,11 24 24 11 11 35 35 11 11 40 40 11 11 61 61 11 11 66 66 11 11 76 76 11 11 81 81 11 24 24 24 24 24 35 35 24 24 40 40 24 24 61 61 24 24 66 66 24 24 76 76 24 24 81 81 24 35 24 24 35 35 35 35 35 35 40 40 35 35 61 61 35 35 66 66 35 35 76 76 35 35 81 81 35 40 24 24 40 40 35 35 40 40 40 40 40 40 61 61 40 40 66 66 40 40 76 76 40 40 81 81 40 61 24 24 61 61 35 35 61 61 40 40 61 61 61 61 61 61 66 66 61 61 76 76 61 61 81 81 61 66 24 24 66 66 35 35 66 66 40 40 66 66 61 61 66 66 66 66 66 66 76 76 66 66 81 81 66 76 24 24 76 76 35 35 76 76 40 40 76 76 61 61 76 76 66 66 76 76 76 76 76 76 81 81 76,108 113 113 108 108 8 8 108 108 59 59 108 108 74 74 108 113 113 113 113 113 8 8 113 113 59 59 113 113 74 74 113 8 113 113 8 8 8 8 8 8 59 59 8 8 74 74 8 59 113 113 59 59 8 8 59 59 59 59 59 59 74 74 59


 , ,5 53 53 5 5 11 11 5 5 13 13 5 5 68 68 5 5 19 19 5 5 71 71 5 5 25 25 5 5 75 75 5 5 31 31 5 5 79 79 5 5 37 37 5 5 83 83 5 53 53 53 53 53 11 11 53 53 13 13 53 53 68 68 53 53 19 19 53 53 71 71 53 53 25 25 53 53 75 75 53 53 31 31 53 53 79 79 53 53 37 37 53 53 83 83 53 11 53 53 11 11 11 11 11 11 13 13 11 11 68 68 11 11 19 19 11 11 71 71 11 11 25 25 11 11 75 75 11 11 31 31 11 11 79 79 11 11 37 37 11 11 83 83 11 13 53 53 13 13 11 11 13 13 13 13 13 13 68 68 13 13 19 19 13 13 71 71 13 13 25 25 13 13 75 75 13 13 31 31 13 13 79 79 13 13 37 37 13 13 83 83 13 68 53 53 68 68 11 11 68 68 13 13 68 68 68 68 68 68 19 19 68 68 71 71 68 68 25 25 68 68 75 75 68 68 31 31 68 68 79 79 68 68 37 37 68 68 83 83 68 19 53 53 19 19 11 11 19 19 13 13 19 19 68 68 19 19 19 19 19 19 71 71 19 19 25 25 19 19 75 75 19 19 31 31 19 19 79 79 19 19 37 37 19 19 83 83 19 71 53 53 71 71 11 11 71 71 13 13 71 71 68 68 71 71 19 19 71 71 71 71 71 71 25 25 71 71 75 75 71 71 31 31 71 71 79 79 71 71 37 37 71 71 83 83 71 25 53 53 25 25 11 11 25 25 13 13 25 25 68 68 25 25 19 19 25 25 71 71 25 25 25 25 25 25 75 75 25 25 31 31 25 25 79 79 25 25 37 37 25 25 83 83 25 75 53 53 75 75 11 11 75 75 13 13 75 75 68 68 75 75 19 19 75 75 71 71 75 75 25 25 75 75 75 75 75 75 31 31 75 75 79 79 75 75 37 37 75 75 83 83 75 31 53 53 31 31 11 11 31 31 13 13 31 31 68 68 31 31 19 19 31 31 71 71 31 31 25 25 31 31 75 75 31 31 31 31 31 31 79 79 31 31 37 37 31 31 83 83 31 79 53 53 79 79 11 11 79 79 13 13 79 79 68 68 79 79 19 19 79 79 71 71 79 79 25 25 79 79 75 75 79 79 31 31 79 79 79 79 79 79 37 37 79 79 83 83 79 37 53 53 37 37 11 11 37 37 13 13 37 37 68 68 37 37 19 19 37 37 71 71 37 37 25 25 37 37 75 75 37 37 31 31 37 37 79 79 37 37 37 37 37 37 83 83 37



 ,125 142 142 125 125 143 143 125 125 144 144 125 142 142 142 142 142 143 143 142 142 144 144 142 143 142 142 143 143 143 143 143 143 144, 









 , ,11 54 60 11 54 54 54 54 60 54

 , ,9 11 11 9 9 14 14 9 9 17 17 9 6 9 9 72 72 9 9 88 88 9 9 78 78 9 11 11 11 11 11 14 14 11 11 17 17 11 6 11 11 72 72 11 11 88 88 11 11 78 78 11 14 11 11 14 14 14 14 14 14 17 17 14 6 14 14 72 72 14 14 88 88 14 14 78 78 14 17 11 11 17 17 14 14 17 17 17 17 17 6 17 17 72 72 17 17 88 88 17 17 78 78 17 6 11 6 14 6 17 6 6 6 6 6 72 72 6 6 88 88 6 6 78 78 6 72 11 11 72 72 14 14 72 72 17 17 72 72 6 6 72 72 72 72 72 72 88 88 72 72 78 78 72 88 11 11 88 88 14 14 88 88 17 17 88 88 6 6 88 88 72 72 88 88 88 88 88 88 78 78 88

 ,74 62 62 74 74 91 91 74 62 62 62 62 62 91 91 62,69 81 81 69 69 101 101 69 69 106 106 69 69 62 62 69 69 91 91 69 81 81 81 81 81 101 101 81 81 106 106 81 81 62 62 81 81 91 91 81 101 81 81 101 101 101 101 101 106 101 101 62 62 101 101 91 91 101 106 81 81 106 106 101 106 106 106 106 106 62 62 106 106 91 91 106 62 81 81 62 62 101 101 62 62 106 106 62 62 62 62 62 62 91 91 62












 ,81 94 81 99 99 81 81 112 112 81 81 90 90 81 94 94 94 94 94 99 99 94 94 112 112 94 94 90 90 94 99 94 94 99 99 99 99 99 99 112 112 99 99 90 90 99 112 94 94 112 112 99 99 112 112 112 112 112 112 90 90 112, 
 ,5 72 72 5 5 83 83 5 5 27 27 5 5 86 86 5 5 99 99 5 5 32 32 5 5 34 34 5 5 36 36 5 5 38 38 5 5 100 100 5 5 76 76 5 72 72 72 72 72 83 83 72 72 27 27 72 72 86 86 72 72 99 99 72 72 32 32 72 72 34 34 72 72 36 36 72 72 38 38 72 72 100 100 72 72 76 76 72 83 72 72 83 83 83 83 83 83 27 27 83 83 86 86 83 83 99 99 83 83 32 32 83 83 34 34 83 83 36 36 83 83 38 38 83 83 100 100 83 83 76 76 83 27 72 72 27 27 83 83 27 27 27 27 27 27 86 86 27 27 99 99 27 27 32 32 27 27 34 34 27 27 36 36 27 27 38 38 27 27 100 100 27 27 76 76 27 86 72 72 86 86 83 83 86 86 27 27 86 86 86 86 86 86 99 99 86 86 32 86 34 86 36 86 38 86 100 100 86 86 76 76 86 99 72 72 99 99 83 83 99 99 27 27 99 99 86 86 99 99 99 99 99 99 32 32 99 99 34 34 99 99 36 36 99 99 38 38 99 99 100 99 76 32 72 72 32 32 83 83 32 32 27 27 32 86 32 32 99 99 32 32 32 32 32 32 34 34 32 32 36 36 32 32 38 38 32 32 100 100 32 32 76 76 32 34 72 72 34 34 83 83 34 34 27 27 34 86 34 34 99 99 34 34 32 32 34 34 34 34 34 34 36 36 34 34 38 38 34 34 100 100 34 34 76 76 34 36 72 72 36 36 83 83 36 36 27 27 36 86 36 36 99 99 36 36 32 32 36 36 34 34 36 36 36 36 36 36 38 38 36 36 100 100 36 36 76 76 36 38 72 72 38 38 83 83 38 38 27 27 38 86 38 38 99 99 38 38 32 32 38 38 34 34 38 38 36 36 38 38 38 38 38 38 100 100 38 38 76 76 38 100 72 72 100 100 83 83 100 100 27 27 100 100 86 86 100 99 100 100 32 32 100 100 34 34 100 100 36 36 100 100 38 38 100 100 100 100 100 100 76 76 100, 
 ,39 52 52 39 39 13 13 39 39 19 19 39 39 29 29 39 52 52 52 52 52 13 13 52 52 19 19 52 52 29 29 52 13 52 52 13 13 13 13 13 13 19 19 13 13 29 29 13 19 52 52 19 19 13 13 19 19 19 19 19 19 29 29 19,21 34 34 21




 ,14 25 25 14 14 3 3 14 25 25 25 25 25 3 3 25, 
 , ,2 4 4 2 2 39 39 2 2 19 19 2 2 39 39 2 4 4 4 4 4 39 39 4 4 19 19 4 4 39 39 4 39 4 4 39 39 39 39 39 39 19 19 39 39 39 39 39 19 4 4 19 19 39 39 19 19 19 19 19 19 39 39 19













 ,66 23 23 66 66 83 83 66 66 46 46 66 66 55 55 66 23 23 23 23 23 83 83 23 23 46 46 23 23 55 55 23 83 23 23 83 83 83 83 83 83 46 46 83 83 55 55 83 46 23 23 46 46 83 83 46 46 46 46 46 46 55 55 46, 





























 ,21 8 8 21, 




 ,38 31 31 38 35 38 31 31 31 31 31 35 35 31, 




 ,8 6, 
 ,22 7 7 22, 

55 47 47 55, ,82 32 32 82 82 75 75 82 82 60 60 82 32 32 32 32 32 75 32 60 60 32 32 75 75 75 75 75 75 60 60 75






 ,62 25 25 62, 
89 91 91 89 89 95 95 89 83 89 91 91 91 91 91 95 95 91 83 91 95 91 91 95 95 95 95 95 83 95, , 
 ,35 49 49 35 55 35 49 49 49 49 49 55 55 49, 




 ,50 39 15 39 50 50 50 50 50 15 15 50, 





















56 98 98 56,85 73 73 85,38 40 40 38
 ,91 42 42 91 91 98 98 91 42 42 42 42 42 98 98 42, 


 ,64 79 79 64 64 89 89 64 64 41 41 64 79 79 79 79 79 89 89 79 79 41 41 79 89 79 79 89 89 89 89 89 89 41 41 89, 
 ,72 32 32 72, 



 ,68 40, 




















 , ,36 39 39 36
 ,72 18 18 72 72 92 92 72 72 90 90 72 72 100 100 72 72 30 30 72 18 18 18 18 18 92 92 18 18 90 90 18 18 100 100 18 18 30 30 18 92 18 18 92 92 92 92 92 92 90 90 92 92 100 100 92 92 30 30 92 90 18 18 90 90 92 92 90 90 90 90 90 90 100 100 90 90 30 30 90 100 18 18 100 100 92 92 100 100 90 90 100 100 100 100 100 100 30 30 100, 







 ,91 127 127 91 91 137 137 91 127 127 127 127 137 127, 


 ,47 46, 
























 , ,21 20

 ,27 41 41 27 27 50 50 27 41 41 41 41 50 41, 

 , ,66 75 75 66 66 60 60 66 75 75 75 75 60 75

 , ,4 32 32 4 4 40 40 4 4 26 26 4 4 44 44 4 32 32 32 32 32 40 32 26 32 44 32 40 40 40 40 40 40 26 26 40 40 44 44 40 32 26 26 40 40 26 26 26 26 26 26 44 44 26













 ,34 49 49 34, 

52 50 50 52, ,34 36 36 34 34 59 59 34 34 61 61 34 34 69 69 34 34 22 22 34 34 24 24 34 36 36 36 36 36 59 59 36 36 61 61 36 36 69 69 36 36 22 22 36 36 24 24 36 59 36 36 59 59 59 59 59 59 61 59 69 59 22 59 24 61 36 36 61 59 61 61 61 61 61 61 69 69 61 61 22 22 61 61 24 24 61 69 36 36 69 59 69 69 61 61 69 69 69 69 69 69 22 22 69 69 24 24 69 22 36 36 22 59 22 22 61 61 22 22 69 69 22 22 22 22 22 22 24 24 22










73 80 80 73 73 22 22 73 80 80 80 80 80 22 22 80, , 


 ,101 22 22 101 101 121 121 101 101 120 120 101 101 136 136 101 101 154 154 101 22 22 22 22 22 121 121 22 22 120 120 22 22 136 136 22 22 154 154 22 121 22 22 121 121 121 121 121 121 120 121 136 136 121 121 154 154 121 120 22 22 120 121 120 120 120 120 120 120 136 136 120 120 154 154 120 136 22 22 136 136 121 121 136 136 120 120 136 136 136 136 136 136 154 154 136, 





 ,86 47 47 86,64 117 117 64 64 5 117 117 117 117 117 5 5 117

 ,20 7 7 20, 






















 ,57 67 67 57 57 43 67 67 67 67 67 43 43 67, 


 ,161 166 166 161 161 44 44 161 161 135 135 161 166 166 166 166 166 44 44 166 166 135 135 166 44 166 166 44 44 44 44 44 135 44,170 121 121 170


 ,41 37, 
51 43 43 44 44 43 51 51 51 51 51 44 44 51, , 



39 29, , 

 ,64 11 11 64 64 86 86 64 11 11 11 11 11 86 86 11, 












 ,62 58 58 62,39 44 39 64 64 39 39 68 68 39 44 44 44 44 44 64 64 44 44 68 68 44 64 44 44 64 64 64 64 64 64 68 68 64




 ,168 183 183 168 168 193 193 168 168 198 198 168 168 276 276 168 168 124 124 168 168 230 230 168 168 235 235 168 168 177 177 168 168 172 172 168 168 267 267 168 168 134 134 168 168 289 289 168 183 183 183 183 183 193 193 183 183 198 198 183 183 276 276 183 183 124 124 183 183 230 230 183 183 235 235 183 183 177 177 183 183 172 172 183 183 267 267 183 183 134 134 183 183 289 289 183 193 183 183 193 193 193 193 193 193 198 193 276 276 193 193 124 124 193 193 230 230 193 193 235 235 193 193 177 177 193 193 172 172 193 193 267 267 193 193 134 134 193 193 289 289 193 198 183 183 198 193 198 198 198 198 198 198 276 276 198 198 124 124 198 198 230 230 198 198 235 235 198 198 177 177 198 198 172 172 198 198 267 267 198 198 134 134 198 198 289 289 198 276 183 183 276 276 193 193 276 276 198 198 276 276 276 276 276 276 124 124 276 276 230 230 276 276 235 235 276 276 177 177 276 276 172 172 276 276 267 276 134 134 276 276 289 289 276 124 183 183 124 124 193 193 124 124 198 198 124 124 276 276 124 124 124 124 124 124 230 230 124 124 235 235 124 124 177 177 124 124 172 172 124 124 267 267 124 124 134 134 124 124 289 289 124 230 183 183 230 230 193 193 230 230 198 198 230 230 276 276 230 230 124 124 230 230 230 230 230 235 230 230 177 177 230 230 172 172 230 230 267 267 230 230 134 134 230 230 289 289 230 235 183 183 235 235 193 193 235 235 198 198 235 235 276 276 235 235 124 124 235 235 230 235 235 235 235 235 177 177 235 235 172 172 235 235 267 267 235 235 134 134 235 235 289 289 235 177 183 183 177 177 193 193 177 177 198 198 177 177 276 276 177 177 124 124 177 177 230 230 177 177 235 235 177 177 177 177 177 172 177 177 267 267 177 177 134 134 177 177 289 289 177 172 183 183 172 172 193 193 172 172 198 198 172 172 276 276 172 172 124 124 172 172 230 230 172 172 235 235 172 172 177 172 172 172 172 172 267 267 172 172 134 134 172 172 289 289 172 267 183 183 267 267 193 193 267 267 198 198 267 276 267 267 124 124 267 267 230 230 267 267 235 235 267 267 177 177 267 267 172 172 267 267 267 267 267 267 134 134 267 267 289 289 267 134 183 183 134 134 193 193 134 134 198 198 134 134 276 276 134 134 124 124 134 134 230 230 134 134 235 235 134 134 177 177 134 134 172 172 134 134 267 267 134 134 134 134 134 289 134, 






43 68 68 43,17 20 20 17, 


 ,42 58 58 42 42 72 72 42 58 58 58 58 58 72 72 58,31 17 17 31












 ,44 11 11 44, 


59 45, , 





 ,52 26 26 52,50 9
24 8 8 24 24 31 31 24 8 8 8 8 8 31 31 8, , 











 ,19 10 10 19, 












 ,60 55,10 68 10 81 10 85 10 32 10 34 10 37 37 10 10 40 40 10 10 42 42 10 10 44 44 10 10 46 46 10 10 48 48 10 10 104 104 10 68 68 68 68 68 81 81 68 68 85 85 68 68 32 32 68 68 34 34 68 68 37 37 68 68 40 40 68 68 42 42 68 68 44 44 68 68 46 46 68 68 48 48 68 68 104 104 68 81 68 68 81 81 81 81 81 81 85 85 81 81 32 32 81 81 34 34 81 81 37 37 81 81 40 40 81 81 42 42 81 81 44 44 81 81 46 46 81 81 48 48 81 81 104 104 81 85 68 68 85 85 81 81 85 85 85 85 85 85 32 32 85 85 34 34 85 85 37 37 85 85 40 40 85 85 42 42 85 85 44 44 85 85 46 46 85 85 48 48 85 85 104 104 85 32 68 68 32 32 81 81 32 32 85 85 32 32 32 32 32 32 34 34 32 32 37 37 32 32 40 40 32 32 42 42 32 32 44 44 32 32 46 46 32 32 48 48 32 32 104 104 32 34 68 68 34 34 81 81 34 34 85 85 34 34 32 32 34 34 34 34 34 34 37 37 34 34 40 40 34 34 42 42 34 34 44 44 34 34 46 46 34 34 48 48 34 34 104 104 34 37 68 68 37 37 81 81 37 37 85 85 37 37 32 32 37 37 34 34 37 37 37 37 37 37 40 37 42 37 44 37 46 37 48 37 104 40 68 68 40 40 81 81 40 40 85 85 40 40 32 32 40 40 34 34 40 37 40 40 40 40 40 40 42 42 40 40 44 44 40 40 46 46 40 40 48 48 40 40 104 104 40 42 68 68 42 42 81 81 42 42 85 85 42 42 32 32 42 42 34 34 42 37 42 42 40 40 42 42 42 42 42 42 44 44 42 42 46 46 42 42 48 48 42 42 104 104 42 44 68 68 44 44 81 81 44 44 85 85 44 44 32 32 44 44 34 34 44 37 44 44 40 40 44 44 42 42 44 44 44 44 44 44 46 46 44 44 48 48 44 44 104 104 44 46 68 68 46 46 81 81 46 46 85 85 46 46 32 32 46 46 34 34 46 37 46 46 40 40 46 46 42 42 46 46 44 44 46 46 46 46 46 46 48 48 46 46 104 104 46 48 68 68 48 48 81 81 48 48 85 85 48 48 32 32 48 48 34 34 48 37 48 48 40 40 48 48 42 42 48 48 44 44 48 48 46 46 48 48 48 48 48 48 104 104 48



 , ,60 48 48 60 60 56 56 60 48 48 48 48 56 48





 ,23 37, 


55 62, , 



 ,43 56, 



 ,41 40 40 41 41 54 54 41 41 56 56 41 40 40 40 40 40 54 54 40 40 56 56 40 54 40 40 54 54 54 54 54 54 56 56 54, 














 ,30 10 10 30 30 14 14 30 30 16 16 30 10 10 10 10 10 14 14 10 10 16 16 10 14 10 10 14 14 14 14 14 14 16 16 14, 



 ,53 38 38 53 53 5 5 53 53 56 56 53 38 38 38 38 5 38 38 56 56 38 5 38 5 5 5 5 5 56 56 5, 
 ,22 17, 






45 42 42 21 21 42 42 43 43 42 45 45 45 45 45 21 21 45 45 43 43 45 21 45 45 21 21 21 21 21 43 21, , 










 ,45 53 53 45 45 55 55 45 45 50 50 45 53 53 53 53 53 55 53 50 50 53 53 55 55 55 55 55 55 50 50 55, 









22 31, , 



 ,106 102 102 106 106 157 157 106 106 68 68 106 102 102 102 102 102 157 157 102 102 68 68 102 157 102 102 157 157 157 157 157 157 68 68 157,149 46 46 149 149 62 62 149 149 115 115 149 46 46 46 46 46 62 62 46 46 115 115 46 62 46 46 62 62 62 62 62 62 115 115 62
 , ,14 62 62 14 14 64 64 14 14 74 74 14 62 62 62 62 62 64 64 62 62 74 74 62 64 62 62 64 64 64 64 64 64 74 74 64
 ,81 63 57 63 63 93 93 63 81 81 81 81 81 57 57 81 81 93 93 81 57 81 81 57 57 57 57 57 57 93 93 57,53 48 48 53 53 36 36 53 53 29 29 53 48 48 48 48 48 36 36 48 48 29 29 48 36 48 48 36 36 36 36 36 36 29 29 36
 ,59 85 85 59 59 89 89 59 59 54 54 59 85 85 85 85 85 89 89 85 85 54 54 85 89 85 85 89 89 89 89 89 89 54 54 89,68 97 97 68
 ,38 25 25 27 27 25 38 38 38 38 38 27 27 38, 










 ,56 61 61 56 56 60 60 56 56 74 74 56 56 77 77 56 56 86 86 56 61 61 61 61 61 60 61 74 74 61 61 77 77 61 61 86 86 61 61 60 60 60 60 60 60 74 74 60 60 77 77 60 60 86 86 60 74 61 61 74 74 60 60 74 74 74 74 74 74 77 77 74 74 86 86 74 77 61 61 77 77 60 60 77 77 74 74 77 77 77 77 77 77 86 86 77, 



 ,33 12 33 36 12 12 12 12 12 36 36 12, 











 , ,2 39 39 2 1 2 39 39 39 39 1 39

 , ,27 7 27 17 17 27 7 7 7 7 7 17 17 7


 , ,28 24

 ,56 71 56 39 39 56 71 71 71 71 71 39 39 71,53 33 33 53 53 82 82 53 53 11 11 53 33 33 33 33 33 82 82 33 33 11 11 33 82 33 33 82 82 82 82 82 82 11 11 82
54 62 62 54,3 5 5 3,24 33













 ,21 16, 

 ,57 44 44 57, 







 ,35 24 24 35 35 60 60 35 35 41 41 35 24 24 24 24 24 60 60 24 24 41 41 24 60 24 24 60 60 60 60 60 60 41 41 60, 
 ,120 130 120 138 120 140 120 207 207 120 120 206 206 120 120 105 105 120 120 228 228 120 130 130 130 130 130 138 138 130 130 140 140 130 130 207 207 130 130 206 206 130 130 105 105 130 130 228 228 130 138 130 130 138 138 138 138 138 138 140 140 138 138 207 207 138 138 206 206 138 138 105 105 138 138 228 228 138 140 130 130 140 140 138 138 140 140 140 140 140 140 207 207 140 140 206 206 140 140 105 105 140 140 228 228 140 207 130 130 207 207 138 138 207 207 140 140 207 207 207 207 207 207 206 206 207 207 105 105 207 207 228 228 207 206 130 130 206 206 138 138 206 206 140 140 206 206 207 207 206 206 206 206 206 206 105 105 206 206 228 228 206 105 130 130 105 105 138 138 105 105 140 140 105 105 207 207 105 105 206 206 105 105 105 105 105 105 228 228 105, 


















44 51 44 73 73 44 51 51 51 51 51 73 73 51,22 28 28 22 22 78 78 22 28 28 28 28 28 78 78 28,13 17 17 13









 ,32 3 3 32 32 53 53 32 3 3 3 3 3 53 53 3, 
 ,14 47 47 14 14 52 52 14 14 57 57 14 47 47 47 47 47 52 52 47 47 57 57 47 52 47 47 52 52 52 52 52 52 57 57 52,32 4 32 6 32 8 4 4 4 4 4 6 6 4 4 8 8 4 6 4 4 6 6 6 6 6 6 8 8 6
 ,103 107 107 103 103 112 112 103 103 123 123 103 107 107 107 107 107 112 112 107 107 123 123 107 112 107 107 112 112 112 112 112 112 123 123 112,71 73 71 23 23 71 71 25 25 71 73 73 73 73 73 23 23 73 73 25 25 73 23 73 73 23 23 23 23 23 23 25 25 23

 ,1 10 10 1,33 7 7 33
98 101 101 98 98 107 107 98 98 119 119 98 86 98 101 101 101 101 101 107 107 101 101 119 119 101 86 101 107 101 101 107 107 107 107 107 107 119 119 107 86 107 119 101 101 119 119 107 107 119 119 119 119 119 86 119,0 9 9 0 0 2 2 0 0 11 11 0 9 9 9 9 9 2 2 9 9 11 11 9 2 9 9 2 2 2 2 2 2 11 11 2, 

 ,75 84 84 75 75 41 41 75 51 75 84 84 84 84 84 41 41 84 51 84 41 84 84 41 41 41 41 41 51 41, 

 , ,33 7 7 33 33 46 46 33 33 21 21 33 7 7 7 7 7 46 46 7 7 21 21 7 46 7 7 46 46 46 46 46 46 21 21 46










 ,51 7 7 51,30 70
89 99 99 89 89 115 115 89 99 99 99 99 99 115 115 99, ,106 110
















 ,31 25 25 31, 



























 ,57 58 58 57 57 59 59 57 57 60 60 57 28 57 58 58 58 58 58 59 59 58 58 60 60 58 28 58 59 58 58 59 59 59 59 59 59 60 60 59 28 59 60 58 58 60 60 59 59 60 60 60 60 60 28 60, 


 ,35 10 10 35, 


 , ,8 14 14 8 8 62 62 8 8 81 81 8 8 33 33 8 14 14 14 14 62 14 14 81 81 14 14 33 33 14 62 14 62 62 62 62 62 81 81 62 62 33 33 62 81 14 14 81 81 62 62 81 81 81 81 81 81 33 33 81



 ,66 101 101 66 66 35 35 66 66 115 115 66 66 128 128 66 66 83 83 66 66 21 21 66 66 23 23 66 66 124 124 66 66 73 73 66 101 101 101 101 101 35 35 101 101 115 115 101 101 128 128 101 101 83 83 101 101 21 21 101 101 23 23 101 101 124 124 101 101 73 73 101 35 101 101 35 35 35 35 35 35 115 115 35 35 128 128 35 35 83 83 35 35 21 21 35 35 23 23 35 35 124 124 35 35 73 73 35 115 101 101 115 115 35 35 115 115 115 115 115 115 128 128 115 115 83 83 115 115 21 21 115 115 23 23 115 115 124 124 115 115 73 73 115 128 101 101 128 128 35 35 128 128 115 115 128 128 128 128 128 128 83 83 128 128 21 21 128 128 23 23 128 128 124 124 128 128 73 73 128 83 101 101 83 83 35 35 83 83 115 115 83 83 128 128 83 83 83 83 83 83 21 21 83 83 23 23 83 83 124 124 83 83 73 73 83 21 101 101 21 21 35 35 21 21 115 115 21 21 128 128 21 21 83 83 21 21 21 21 21 21 23 23 21 21 124 124 21 21 73 73 21 23 101 101 23 23 35 35 23 23 115 115 23 23 128 128 23 23 83 83 23 23 21 21 23 23 23 23 23 23 124 124 23 23 73 73 23 124 101 101 124 124 35 35 124 124 115 115 124 124 128 128 124 124 83 83 124 124 21 21 124 124 23 23 124 124 124 124 124 124 73 73 124, 

 ,0 70 70 0,53 59

 ,34 44 44 34 34 55 55 34 34 27 27 34 44 44 44 44 44 55 55 44 44 27 27 44 55 44 44 55 55 55 55 55 55 27 27 55, 








 , ,65 69 69 65


36 91 91 36 36 84 84 36 81 36 91 91 91 91 91 84 84 91 81 91 84 91 91 84 84 84 84 84 81 84, , 






63 71 63 73 63 77 71 71 71 71 71 73 73 71 71 77 77 71 73 71 71 73 73 73 73 73 73 77 77 73,57 60 60 57, 
































 ,110 118 110 124 110 82 82 110 118 118 118 118 118 124 124 118 118 82 82 118 124 118 118 124 124 124 124 124 124 82 82 124,41 125 125 41 41 127 127 41 41 12 12 41 125 125 125 125 125 127 125 12 12 125 125 127 127 127 127 127 127 12 12 127

 , ,81 64 64 81 81 88 88 81 81 98 98 81 64 64 64 64 64 88 88 64 64 98 98 64 88 64 64 88 88 88 88 88 88 98 98 88




 ,3 8 8 3 0 3 8 8 8 8 0 8, 







73 76 73 62 62 73 76 76 76 76 76 62 62 76,55 58 58 55, 


 ,20 9 9 20 20 40 40 20 9 9 9 9 9 40, 
 ,42 13 13 42 42 58 42 21 21 42 42 69 42 31 31 42 13 13 13 13 13 58 58 13 13 21 21 13 13 69 69 13 13 31 31 13 58 13 13 58 58 58 58 58 58 21 21 58 58 69 69 58 58 31 31 58 21 13 13 21 21 58 58 21 21 21 21 21 21 69 69 21 21 31 31 21 69 13 13 69 69 58 58 69 69 21 21 69 69 69 69 69 69 31 31 69, 



 ,5 0, 















 , ,54 17 17 54 54 60 60 54 54 26 26 54 17 17 17 17 17 60 60 17 17 26 26 17 60 17 17 60 60 60 60 60 60 26 26 60
 ,57 4 4 57, 













 ,4 49 49 4 4 17 17 4 49 49 49 49 49 17, 


 ,82 103 103 82 82 107 107 82 103 103 103 103 103 107 107 103, 









 ,100 93 93 107 107 93 93 118 118 93 93 120 120 93 100 100 100 100 100 107 107 100 100 118 118 100 100 120 120 100 107 100 100 107 107 107 107 107 107 118 118 107 107 120 120 107 118 100 100 118 118 107 107 118 118 118 118 118 118 120 120 118,75 111 111 75





73 64 64 83 83 64 73 73 73 73 73 83 83 73, , 











 ,63 73 73 63 63 77 77 63 63 33 33 63 63 56 56 63 63 43 43 63 73 73 73 73 73 77 73 33 33 73 73 56 56 73 73 43 43 73 73 77 77 77 77 77 77 33 33 77 77 56 56 77 77 43 43 77 33 73 73 33 33 77 77 33 33 33 33 33 33 56 56 33 33 43 43 33 56 73 73 56 56 77 77 56 56 33 33 56 56 56 56 56 56 43 43 56,50 18 18 50



 ,16 24 24 16 16 26 26 16 16 88 88 16 16 95 95 16 24 24 24 24 24 26 26 24 24 88 88 24 24 95 95 24 26 24 24 26 26 26 26 26 26 88 88 26 26 95 95 26 88 24 24 88 88 26 26 88 88 88 88 88 88 95 95 88, 









41 52 52 41, ,9 58 58 9


 , ,38 47 47 38 38 20 20 38 38 53 53 38 47 47 47 47 47 20 47 53 53 47 47 20 20 20 20 20 20 53 53 20


 ,39 36 39 49 49 39 36 36 36 36 36 49 49 36, 


49 11, , 





 , ,20 28 28 20 20 30 30 20 20 16 16 20 20 18 18 20 28 28 28 28 28 30 30 28 28 16 16 28 28 18 18 28 30 28 28 30 30 30 30 30 30 16 30 18 16 28 28 16 30 16 16 16 16 16 16 18 18 16



 , ,60 14 60 19 60 24 60 29 60 85 60 40 40 60 60 90 90 60 14 14 14 14 14 19 19 14 14 24 24 14 14 29 29 14 14 85 85 14 14 40 40 14 14 90 90 14 19 14 14 19 19 19 19 19 19 24 24 19 19 29 29 19 19 85 85 19 19 40 40 19 19 90 90 19 24 14 14 24 24 19 19 24 24 24 24 24 24 29 29 24 24 85 85 24 24 40 40 24 24 90 90 24 29 14 14 29 29 19 19 29 29 24 24 29 29 29 29 29 29 85 85 29 29 40 40 29 29 90 90 29 85 14 14 85 85 19 19 85 85 24 24 85 85 29 29 85 85 85 85 85 85 40 40 85 85 90 90 85 40 14 14 40 40 19 19 40 40 24 24 40 40 29 29 40 40 85 85 40 40 40 40 40 40 90
 ,19 32 32 19,30 38
40 46 46 40,29 40 29 46 40 40 40 40 40 46 46 40, 
 , ,11 60 60 11 11 72 72 11 11 76 76 11 11 79 79 11 11 72 72 11 60 60 60 60 60 72 72 60 60 76 76 60 60 79 60 72 72 60 60 72 72 72 72 72 72 76 76 72 72 79 79 72 72 72 72 72 76 60 60 76 76 72 72 76 76 76 76 76 76 79 79 76 76 72 72 76 60 79 79 72 72 79 79 76 76 79 79 79 79 79 79 72 72 79














 ,79 84 79 89 79 114 114 79 84 84 84 84 84 89 89 84 84 114 114 84 89 84 84 89 89 89 89 89 89 114 114 89, 

 ,4 7 7 4 0 4 7 7 7 7 0 7, 
80 62 62 80,60 71 71 60 60 86 86 60 71 71 71 71 71 86, 

 , ,30 13 13 30
 ,55 63 63 55,42 48





30 40 40 41 41 40 40 47 47 40 30 30 30 30 30 41 41 30 30 47 47 30 41 30 30 41 41 41 41 41 41 47 47 41, , 


 ,31 7 7 31 31 9 9 31 31 12 12 31 31 14 14 31 7 7 7 7 9 7 7 12 12 7 7 14 14 7 9 7 9 9 9 9 9 12 12 9 9 14 14 9 12 7 7 12 12 9 9 12 12 12 12 12 14 12, 
36 8, ,24 43 43 24
 ,46 22 22 46 46 58 58 46 22 22 22 22 22 58 58 22,7 46 46 7


















 ,53 60, 
















 ,80 60 60 80 43 80 80 70 70 80 60 60 60 60 43 60 60 70 70 60 43 60 43 43 43 43 43 70, 
 ,22 3 3 22 31 22 22 39 39 22 22 42 42 22 22 40 40 22 3 3 3 3 3 31 31 3 3 39 39 3 3 42 42 3 3 40 40 3 31 3 3 31 31 31 31 31 39 31 31 42 42 31 31 40 40 31 39 3 3 39 39 31 39 39 39 39 39 42 42 39 39 40 40 39 42 3 3 42 42 31 31 42 42 39 39 42 42 42 42 42 42 40 40 42, 


















30 33 33 30, ,47 41





 ,34 8 8 34 34 43 43 34 34 15 15 34 34 52 52 34 8 8 8 8 8 43 43 8 8 15 15 8 8 52 52 8 43 8 8 43 43 43 43 43 43 15 15 43 43 52 52 43 15 8 8 15 15 43 43 15 15 15 15 15 15 52 52 15, 









 , ,48 18 18 48 48 58 58 48 34 48 18 18 18 18 18 58 58 18 18 34 34 18 58 18 18 58 58 58 58 58 34 58





 ,12 3 3 12, 















 ,48 57 57 48 48 62 62 48 48 30 30 48 48 55 55 48 57 57 57 57 57 62 62 57 57 30 30 57 57 55 55 57 62 57 57 62 62 62 62 62 62 30 30 62 62 55 55 62 30 57 57 30 30 62 62 30 30 30 30 30 30 55 55 30, 



 ,24 40 40 24 24 42 42 24 24 155 155 24 24 157 157 24 24 160 160 24 24 136 136 24 40 40 40 40 40 42 42 40 40 155 155 40 40 157 157 40 40 160 160 40 40 136 136 40 42 40 40 42 42 42 42 42 42 155 155 42 42 157 157 42 42 160 160 42 42 136 136 42 155 40 40 155 155 42 42 155 155 155 155 155 155 157 157 155 155 160 160 155 136 155 157 40 40 157 157 42 42 157 157 155 155 157 157 157 157 157 157 160 160 157 136 157 160 40 40 160 160 42 42 160 160 155 155 160 160 157 157 160 160 160 160 160 136 160, 












 , ,21 32 32 21 21 13 13 21 21 39 39 21 21 19 19 21 32 32 32 32 32 13 32 39 32 19 32 13 13 13 13 13 13 39 39 13 13 19 19 13 32 39 39 13 13 39 39 39 39 39 39 19 19 39

 ,20 0 0 27 27 0 20 20 20 20 20 27 27 20, 







 ,18 23, 






 ,56 6 6 56 56 32 32 56 56 98 98 56 6 6 6 6 6 32 32 6 6 98 98 6 32 6 6 32 32 32 32 32 32 98 98 32, 









 ,22 15 15 28 28 15 22 22 22 22 22 28 28 22, 









 ,2 40 40 2 2 43 43 2 2 23 23 2 2 27 27 2 2 60 60 2 40 40 40 40 40 43 43 40 40 23 23 40 40 27 27 40 40 60 60 40 43 40 40 43 43 43 43 43 43 23 23 43 43 27 27 43 43 60 60 43 23 40 40 23 23 43 43 23 23 23 23 23 23 27 27 23 23 60 60 23 27 40 40 27 27 43 43 27 27 23 23 27 27 27 27 27 27 60 60 27, 
 ,7 50 50 7 7 25 25 7 7 27 27 7 50 50 50 50 50 25 25 50 50 27 27 50 25 50 50 25 25 25 25 25 25 27 27 25, 










 ,31 8 8 31 31 42 42 31 8 8 8 8 8 42 42 8, 







 , ,36 5












 , ,6 55 55 6 6 70 70 6 6 72 72 6 6 74 74 6 6 79 79 6 55 55 55 55 55 70 70 55 55 72 72 55 55 74 74 55 55 79 79 55 70 55 55 70 70 70 70 70 70 72 70 74 74 70 70 79 79 70 72 55 55 72 70 72 72 72 72 72 72 74 74 72 72 79 79 72 74 55 55 74 74 70 70 74 74 72 72 74 74 74 74 74 74 79




 ,43 10 10 43 43 50 50 43 43 58 58 43 43 60 60 43 10 10 10 10 10 50 50 10 10 58 58 10 10 60 60 10 50 10 10 50 50 50 50 50 50 58 58 50 50 60 60 50 58 10 10 58 58 50 50 58 58 58 58 58 58 60 60 58,6 6 6 6 6 25 25 6 6 6 6 6 6 25 25 6


 ,76 32 32 76 76 6 6 76 32 32 32 32 32 6 6 32,11 60 60 11 56 11 11 67 67 11 11 64 64 11 60 60 60 60 56 60 60 67 67 60 60 64 64 60 56 60 56 56 56 56 56 67 56 64 64 56 67 60 60 67 56 67 67 67 67 67 67 64 64 67
 , ,43 6 6 49 49 6 6 14 14 6 6 57 57 6 6 20 20 6 43 43 43 43 43 49 43 14 43 57 57 43 43 20 20 43 43 49 49 49 49 49 49 14 14 49 49 57 57 49 49 20 20 49 43 14 14 49 49 14 14 14 14 14 14 57 57 14 14 20 20 14 57 43 43 57 57 49 49 57 57 14 14 57 57 57 57 57 57 20










51 28 33 28 51 51 51 51 51 33 33 51, , 
35 28 49 28 35 35 35 35 35 49 49 35, , 






















37 48 48 37 37 12 12 37 37 69 69 37 48 48 48 48 48 12 12 48 48 69 69 48 12 48 48 12 12 12 12 12 12 69 69 12, , 





 ,35 1 1 42 42 1 35 35 35 35 35 42 42 35,50 52 52 50





32 23 42 23 32 32 32 32 32 42 42 32, , 



17 3 3 17, , 
 ,47 14 14 47, 

 ,48 17 17 48 48 54 54 48 48 57 57 48 17 17 17 17 17 54 54 17 17 57 57 17 54 17 17 54 54 54 54 54 54 57 57 54, 


 ,35 5 5 35 35 57 57 35 35 61 61 35 5 5 5 5 5 57 57 5 5 61 61 5 57 5 5 57 57 57 57 57 57 61 61 57,43 63 63 43





52 45, ,35 6 10 6 13 6 35 35 35 35 35 10 10 35 35 13 13 35 10 35 35 10 10 10 10 10 10 13 13 10















22 32, , 





115 197 197 115 115 186 186 115 197 197 197 197 197 186 186 197,138 29 29 138 138 161 161 138 138 62 62 138 138 178 178 138 138 68 68 138 138 190 190 138 138 195 195 138 138 202 202 138 138 205 205 138 138 219 219 138 29 29 29 29 29 161 161 29 29 62 62 29 29 178 178 29 29 68 68 29 29 190 190 29 29 195 195 29 29 202 202 29 29 205 205 29 29 219 219 29 161 29 29 161 161 161 161 161 161 62 62 161 161 178 178 161 161 68 68 161 161 190 190 161 161 195 195 161 161 202 202 161 161 205 205 161 161 219 219 161 62 29 29 62 62 161 161 62 62 62 62 62 62 178 178 62 62 68 68 62 62 190 190 62 62 195 195 62 62 202 202 62 62 205 205 62 62 219 219 62 178 29 29 178 178 161 161 178 178 62 62 178 178 178 178 178 178 68 68 178 178 190 190 178 178 195 195 178 178 202 202 178 178 205 205 178 178 219 219 178 68 29 29 68 68 161 161 68 68 62 62 68 68 178 178 68 68 68 68 68 68 190 190 68 68 195 195 68 68 202 202 68 68 205 205 68 68 219 219 68 190 29 29 190 190 161 161 190 190 62 62 190 190 178 178 190 190 68 68 190 190 190 190 190 190 195 195 190 190 202 202 190 190 205 205 190 190 219 219 190 195 29 29 195 195 161 161 195 195 62 62 195 195 178 178 195 195 68 68 195 195 190 190 195 195 195 195 195 195 202 202 195 195 205 205 195 195 219 219 195 202 29 29 202 202 161 161 202 202 62 62 202 202 178 178 202 202 68 68 202 202 190 190 202 202 195 195 202 202 202 202 202 202 205 205 202 202 219 219 202 205 29 29 205 205 161 161 205 205 62 62 205 205 178 178 205 205 68 68 205 205 190 190 205 205 195 195 205 205 202 202 205 205 205 205 205 205 219 219 205,96 215






49 86 86 49,59 16 16 59 59 64 64 59 59 23 23 59 59 70 70 59 59 30 30 59 59 78 78 59 59 37 37 59 16 16 16 16 16 64 64 16 16 23 23 16 16 70 70 16 16 30 30 16 16 78 78 16 16 37 37 16 64 16 16 64 64 64 64 64 64 23 23 64 64 70 70 64 64 30 30 64 64 78 78 64 64 37 37 64 23 16 16 23 23 64 64 23 23 23 23 23 23 70 70 23 23 30 30 23 23 78 78 23 23 37 37 23 70 16 16 70 70 64 64 70 70 23 23 70 70 70 70 70 70 30 30 70 70 78 78 70 70 37 37 70 30 16 16 30 30 64 64 30 30 23 23 30 30 70 70 30 30 30 30 30 30 78 78 30 30 37 37 30 78 16 16 78 78 64 64 78 78 23 23 78 78 70 70 78 78 30 30 78 78 78 78 78 78 37 37 78, 





 ,0 2 2 0 0 20 2 2 2 2 2 20 20 2, 







142 153,105 110 110 105 105 123 123 105 105 124 124 105 105 128 128 105 105 131 131 105 105 138 138 105 105 144 144 105 105 155 155 105 105 167 167 105 110 110 110 110 110 123 123 110 110 124 124 110 110 128 128 110 110 131 131 110 110 138 138 110 110 144 144 110 110 155 155 110 110 167 167 110 123 110 110 123 123 123 123 123 123 124 124 123 123 128 128 123 123 131 131 123 123 138 138 123 123 144 144 123 123 155 155 123 123 167 167 123 124 110 110 124 124 123 123 124 124 124 124 124 124 128 128 124 124 131 131 124 124 138 138 124 124 144 144 124 124 155 155 124 124 167 167 124 128 110 110 128 128 123 123 128 128 124 124 128 128 128 128 128 128 131 131 128 128 138 138 128 128 144 144 128 128 155 155 128 128 167 167 128 131 110 110 131 131 123 123 131 131 124 124 131 131 128 128 131 131 131 131 131 131 138 138 131 131 144 144 131 131 155 155 131 131 167 167 131 138 110 110 138 138 123 123 138 138 124 124 138 138 128 128 138 138 131 131 138 138 138 138 138 138 144 144 138 138 155 155 138 138 167 167 138 144 110 110 144 144 123 123 144 144 124 124 144 144 128 128 144 144 131 131 144 144 138 138 144 144 144 144 144 144 155 155 144 144 167 167 144 155 110 110 155 155 123 123 155 155 124 124 155 155 128 128 155 155 131 131 155 155 138 138 155 155 144 144 155 155 155 155 155 155 167 167 155, 




























 , ,37 41 41 37 37 45 45 37 37 22 22 37 41 41 41 41 41 45 45 41 41 22 22 41 45 41 41 45 45 45 45 45 45 22 22 45

 , ,8 30 30 8 8 34 34 8 30 30 30 30 30 34 34 30
 , ,6 19 19 6

 ,34 53 53 34 34 12 12 34 53 53 53 53 53 12 12 53, 

 , ,32 11 11 32





 , ,29 14 14 29













 ,1 20 1 23 20 20 20 20 20 23 23 20, 







 ,40 43 43 40 40 12 12 40 40 57 57 40 40 21 21 40 40 63 63 40 43 43 43 43 43 12 12 43 43 57 57 43 43 21 21 43 43 63 63 43 12 43 43 12 12 12 12 12 12 57 57 12 12 21 21 12 12 63 63 12 57 43 43 57 57 12 12 57 57 57 57 57 57 21 21 57 57 63 63 57 21 43 43 21 21 12 12 21 21 57 57 21 21 21 21 21 21 63 63 21, 



 ,32 34 34 32,23 5 5 23 23 37 37 23 5 5 5 5 5 37 37 5


















74 99 99 74 74 126 126 74 99 99 99 99 99 126 126 99,80 92 92 80 80 112 112 80 80 43 43 80 80 118 118 80 80 123 123 80 80 124 124 80 80 61 61 80 80 106 106 80 92 92 92 92 92 112 112 92 92 43 43 92 92 118 118 92 92 123 123 92 92 124 124 92 92 61 61 92 92 106 106 92 112 92 92 112 112 112 112 112 112 43 43 112 112 118 118 112 112 123 123 112 112 124 124 112 112 61 61 112 112 106 106 112 43 92 92 43 43 112 112 43 43 43 43 43 43 118 118 43 43 123 123 43 43 124 124 43 43 61 61 43 43 106 106 43 118 92 92 118 118 112 112 118 118 43 43 118 118 118 118 118 118 123 123 118 118 124 124 118 118 61 61 118 118 106 106 118 123 92 92 123 123 112 112 123 123 43 43 123 123 118 118 123 123 123 123 123 123 124 124 123 123 61 61 123 123 106 106 123 124 92 92 124 124 112 112 124 124 43 43 124 124 118 118 124 124 123 123 124 124 124 124 124 124 61 61 124 124 106 106 124 61 92 92 61 61 112 112 61 61 43 43 61 61 118 118 61 61 123 123 61 61 124 124 61 61 61 61 61 61 106 106 61, 





47 51 51 47 47 42 47 29 29 47 51 51 51 51 51 42 51 29 29 51 51 42 42 42 42 42 42 29 29 42,3 23 23 3 3 25 25 3 3 27 27 3 23 23 23 23 23 25 25 23 23 27 27 23 25 23 23 25 25 25 25 25 25 27 27 25, 
 ,35 39 35 15 15 35 35 55 55 35 39 39 39 39 39 15 15 39 39 55 55 39 15 39 39 15 15 15 15 15 15 55 55 15,49 42 42 49

 ,34 25, 


 , ,29 1 1 34 34 1 29 29 29 29 29 34 34 29
 ,70 76 76 70 70 79 79 70 76 76 76 76 76 79 79 76,55 39 39 55 55 66 66 55 55 14 14 55 55 19 19 55 39 39 39 39 39 66 66 39 39 14 14 39 39 19 19 39 66 39 39 66 66 66 66 66 66 14 66 19 19 66 14 39 39 14 66 14 14 14 14 14 14 19 19 14


 ,10 8, 


 , ,26 14













 , ,45 6 45 55 55 45 45 58 58 45 45 19 19 45 45 66 66 45 45 71 71 45 45 29 29 45 45 79 79 45 6 6 6 6 6 55 55 6 6 58 58 6 6 19 19 6 6 66 66 6 6 71 71 6 6 29 29 6 6 79 79 6 55 6 6 55 55 55 55 55 55 58 58 55 55 19 19 55 55 66 66 55 55 71 71 55 55 29 29 55 55 79 79 55 58 6 6 58 58 55 55 58 58 58 58 58 58 19 19 58 58 66 66 58 58 71 71 58 58 29 29 58 58 79 79 58 19 6 6 19 19 55 55 19 19 58 58 19 19 19 19 19 19 66 66 19 19 71 71 19 19 29 29 19 19 79 79 19 66 6 6 66 66 55 55 66 66 58 58 66 66 19 19 66 66 66 66 66 66 71 71 66 66 29 29 66 66 79 79 66 71 6 6 71 71 55 55 71 71 58 58 71 71 19 19 71 71 66 66 71 71 71 71 71 71 29 29 71 71 79 79 71 29 6 6 29 29 55 55 29 29 58 58 29 29 19 19 29 29 66 66 29 29 71 71 29 29 29 29 29 29 79 79 29
 , ,24 0 0 40 40 0 24 24 24 24 24 40 40 24


 ,11 13 13 11 11 15 15 11 13 13 13 13 13 15 15 13,34 1
 , ,31 24 24 38 38 24 31 31 31 31 31 38 38 31

 , ,23 0 0 31 31 0 0 14 14 0 23 23 23 23 23 31 31 23 23 14 14 23 31 23 23 31 31 31 31 31 31 14 14 31






 ,59 79 79 59 59 88 88 59 59 91 91 59 59 101 101 59 110 59 79 79 79 79 79 88 88 79 79 91 91 79 79 101 101 79 110 79 88 79 79 88 88 88 88 88 88 91 91 88 88 101 101 88 110 88 91 79 79 91 91 88 88 91 91 91 91 91 91 101 101 91 110 91 101 79 79 101 101 88 88 101 101 91 91 101 101 101 101 101 110 101,98 99 99 98 98 15 15 98 98 17 17 98 98 19 19 98 98 26 26 98 99 99 99 99 99 15 15 99 99 17 17 99 99 19 19 99 99 26 26 99 15 99 99 15 15 15 15 15 15 17 17 15 15 19 19 15 15 26 26 15 17 99 99 17 17 15 15 17 17 17 17 17 17 19 19 17 17 26 26 17 19 99 99 19 19 15 15 19 19 17 17 19 19 19 19 19 19 26 26 19

















 ,32 13 13 32, 
 , ,6 27












 ,48 47,58 29 29 58





70 13 13 70, ,108 40 40 108
