
39 30















47 40
58 33
43 39









66 58
0 5

60 64


93 91 94 91



48 42
61 45 65 45 75 45 79 45


























13 52 15 52




















42 40


















































23 50











19 69

















63 59 71 59 72 59 74 59
















47 59
























84 82













57 15








96 100 80 85
51 57 51 49
45 50 45 62



29 34

39 36













6 69 6 76


100 113




55 22






25 34












78 88 66 49


37 60
90 97






29 32
49 62



74 69 83 69 101 87 110 87




























68 53 155 53 73 53









31 37




23 30











10 58 25 58
60 51
9 55

25 29







97 43



18 57 43 35



17 15


4 10
18 5






22 85 85 95


50 64
28 90 60 28

72 69 28 69


















39 47







74 69 79 69

48 23

64 76



22 71 24 71 26 71 28 71 30 71 32 71









58 46




22 15


6 29





66 54

52 46 65 46




















































36 30





6 31 11 31





54 48
17 33
47 71











46 45 49 45


48 38 6 38 4 38




60 86
23 21
20 75 30 85


21 29

14 55 74 55 78 55

15 21








48 47 58 47 59 47 61 47






16 19 21 52
55 37



31 49 49 60

36 26
52 59




56 15 64 15 15 39
56 15 64 15
































13 56 62 56



















16 37 18 37






56 33



44 47
76 19 77 19 80 19 85 19

43 34

39 28












75 81



110 98 117 98 126 98 140 98 145 140 164 160 160 98

21 25
6 2 12 2

51 42


44 53 65 53

30 39 30 46

43 7












91 34



38 26







19 74









50 31








43 52











55 4 62 4 67 4




28 37









91 88 111 88 114 88 117 88 102 88 45 88 47 88
1 4















11 44 13 44 15 44
























109 94





28 30

































































6 21





17 51




12 9 14 9





51 48










68 60 71 60



56 61


54 47



39 42










75 77































23 21



44 63





5 29






45 11



















4 10


3 10











144 143









54 11 54 60 11 60

9 6 11 6 14 6 17 6

101 106












94 81
32 86 34 86 36 86 38 86 100 99 76 99























































38 35




6 8


75 32







89 83 91 83 95 83
35 55




39 15 39 50






























40 68





























127 137


46 47
























20 21

41 50

75 60

40 32 26 32 44 32















61 59 22 59 69 59 24 59













120 121





5 64
























43 57


44 135


37 41
43 51



29 39














44 39




198 193 230 235 177 172 267 276 134 289

























45 59





9 50

























55 60 68 10 81 10 85 10 32 10 34 10 40 37 42 37 44 37 46 37 48 37 104 37



48 56





37 23


62 55



56 43






















38 5
17 22






42 45 21 43










55 53









31 22





63 81 63 57

25 38










60 61



12 33 36 33











2 1 39 1

7 27


24 28

71 56
33 24













16 21










140 120 138 120 130 120


















51 44










4 32 6 32 8 32
73 71


98 86 101 86 107 86 119 86

75 51 84 51 41 51












70 30
110 106












































60 28 59 28 58 28 57 28





14 62





59 53













84 81 91 81 36 81






71 63 73 63 77 63
































127 125 118 110 124 110






3 0 8 0







76 73


40 9
69 42 58 42



0 5






























17 49












93 100





64 73











77 73
















20 47


36 39


11 49





16 30 18 30



14 60 19 60 24 60 29 60 85 60 90 40
38 30
40 29 46 29
72 60 79 60














89 79 84 79

4 0 7 0
86 71


48 42





40 30


7 9 12 14
8 36



















60 53
















60 43 70 43 80 43
22 31 31 39


















41 47















48 34 58 34

























155 136 157 136 160 136












13 32 39 32 19 32

0 20







23 18
















15 22





























5 36












72 70 79 74







11 56 60 56 67 56
6 43 49 43 14 43 20 57










28 33 28 51
28 35 28 49




























1 35





23 32 23 42















6 35 6 10 6 13 45 52















32 22





215 96












20 0







153 142























































20 1 23 1




































42 51 42 47
39 35

25 34


1 29
14 66


8 10


14 26













6 45
0 24


1 34
24 31

0 23






59 110 79 110 88 110 91 110 101 110


















27 6












47 48






